267122.0813542488
580212.0727539653
139274.12157753197
23788.988480146556
353185.86315260263
111920.68321443607
703115.8455597716
38649.871410212305
26740.60600090278
613980.9406534948
832694.1701674174
901018.8502527877
563289.4079019986
401281.19052217295
630749.4411394662
754505.5843770534
873245.0250180674
585313.1576283718
331314.9050416859
196400.8809044435
675004.6158502633
396030.2486442815
929763.8672919258
666927.4484125322
290146.1618722372
751488.2709398326
860121.5909471306
26156.141992644538
156649.26288417316
412198.90086907253
701859.5539543419
162571.66320985113
72853.88590128798
488412.9916768642
438786.1017914583
854.0242241304179
814150.3408776157
954328.6002353758
446415.25180390425
858630.90349031
545682.6716727702
981229.8995342051
429313.8815821697
186986.628686334
864404.9067076482
561517.8400486974
419607.36934963334
950096.9058109198
856902.499932513
705905.4402485846
987013.2219570416
872741.1306024084
649805.4521573194
471304.20928908023
889173.2307884628
894334.3855374189
121861.02979636737
503061.3939656546
345493.03637415305
432171.49792609096
452425.1729272775
795919.774676013
203972.682440308
573647.8808995067
119326.62141257634
554658.9501549863
228354.93678258877
123160.89033028737
775957.2300748903
429442.3428824028
232835.3281266313
441822.2516921174
470850.8656984496
891793.7731399072
264728.78746650234
679668.6167422399
186689.1251916434
875338.6307610932
680879.7684924367
715872.7141588475
281945.48631390074
39179.3942245201
540858.4181928223
920901.475464717
770906.3480875596
871201.5733284921
967802.7318432071
143583.7998355071
518307.5080123243
577908.8598272471
60635.2369427503
296864.07027103234
227434.22196947096
109368.35333232398
752295.253766227
366957.38472693006
593371.4009075902
730759.1620064203
162425.22606974273
250464.93427307066
408605.4191311799
59471.69116621712
708650.3737067091
363820.22563685395
142968.52294351687
907434.7454006159
967031.627027558
131393.05904010034
9045.027713956108
122017.04881998885
187815.0781365303
65665.65575080496
749469.8473933005
985167.4298057632
249634.52306848377
974379.7799782862
358749.61842675967
982206.7244238432
509645.63029258593
747990.741368086
8021.381628651431
21097.730840086064
287783.7396524767
83279.59599125155
287129.99810752936
842091.8304306049
785740.5364193489
437210.5151308428
956453.1686389396
365638.1822722166
783729.8983525467
595028.9528830127
421781.9479817383
849617.5454173051
487688.1397188133
868316.5340908873
22715.44665297253
960886.8245349796
105327.92448365083
173313.64114489415
811887.8556634312
576459.0370229816
24365.982204959615
281898.4343446866
262501.3211817018
623707.2862197446
990080.4725511493
304696.9140803653
218936.14693217963
293399.398158045
221038.0109982473
217639.9977763531
315990.8255501318
19114.14109604544
270394.39090532507
281773.47452164465
178611.63992695627
400910.5075673156
329141.19053751335
167926.8368918063
615606.3769747328
420663.64811630995
892826.5622583906
115407.7948624438
191753.9233968967
613814.9865870601
314679.08436100814
821985.7101351302
363938.3289186856
100972.99638729334
270121.5618063533
212116.2932965449
941672.4285503225
2847.268569212941
708922.9728493214
665602.5793615177
36541.261061224504
848049.6732037513
677712.9460686558
113701.5393779908
954859.669435605
599935.8614382632
64325.05926965394
268170.3965821275
343041.18360615376
180506.60106459146
740329.8454450029
852590.6265201363
31764.46616374567
557752.6254512594
353607.09089047066
254874.9281916391
552483.2771585734
959071.0988229611
716073.1401193512
318248.0930865629
548705.4870522995
69703.4947464702
735577.635712243
464213.99967924686
422141.8582817719
28585.80671687373
775628.5114346292
208420.61817365576
701781.7459404783
855444.6104897668
92850.6288183835
272500.73741105816
384989.3948609774
860770.9691651344
185963.48127665577
928984.7710659215
834545.1417558806
333723.6256831506
535571.8218082729
500748.608553681
406512.26089441596
91431.53770069759
10216.696070990585
711461.4237491809
137105.5081753677
326553.0982303452
841673.877510202
762919.9997350526
333464.0850156073
248948.6136420368
541377.111081722
966463.254043426
943207.5016913951
20194.546379319843
652068.9042317653
71056.72977333219
429757.71610403794
541928.3855079416
580573.2598755292
89134.86449983885
81187.19617059684
970134.0408664558
772720.031031139
718384.74737081
595303.9235168098
811395.2079184114
945173.5269989411
142583.57320772254
402966.7987929721
494063.5885375736
106395.71918793897
782608.6470993113
386247.34243616165
557609.744275011
481432.298487545
753966.0008084844
536052.0253344169
923847.3942169764
830201.9877077666
151927.64827122586
32427.013825372538
169493.0222989804
521008.18637164636
378527.16852115607
414126.2305330136
573529.4678414589
596604.9156913087
489928.68537414796
87188.79751469784
530562.8312319713
315655.7945498485
237372.24659306154
266846.9435353233
523198.21845172235
542308.2589787502
905296.4292865645
331836.74850257736
380260.13579794334
607758.2602893686
112938.0213140289
826324.7766476263
387952.690443948
804293.9553159584
581974.7446121871
205875.51579909632
188451.72769943066
439132.8903386965
287859.8953500651
507501.2839233555
718711.9542502109
52636.23065512726
861093.9066063181
243978.55447372235
80626.44267247395
624808.6611166096
739485.7923429733
630114.7604427924
705069.9705179927
553023.4587175788
811500.2249490911
696099.7277613383
406592.2851204702
405732.00995004247
935501.3606162926
513338.2542600242
682399.2036001091
32203.128582629233
179884.63557162168
727047.1078620334
89478.75004097314
738095.372198191
47417.61065601834
962582.02654285
904975.2636296194
227022.15953383563
786624.5546881838
978101.4515917597
866107.6893292816
102534.43601773049
691155.1005157738
567867.8751058889
966885.3151957804
427707.567447191
56331.74093135802
449977.5394754709
657853.7975086002
612320.6728466154
452821.3026874266
99692.16164071865
798554.0911009031
317580.0165923223
231016.7539368942
863965.0638523933
697205.9417460504
332692.87583557324
340678.4953598064
257205.83454362795
524730.1839204435
26857.934425282834
649052.0263921836
535517.47297868
207165.92867969882
857901.9564061488
803724.9381655726
974217.6042821073
858359.8605413149
1436.7884003509378
30027.584192563834
64305.175665346585
927432.1637132694
22053.28693281185
501885.76373655227
240896.83995125635
991080.9477871527
566910.3454440472
226378.9333947957
364000.69265090744
765574.4351275135
955002.3050913969
606173.0359301969
417313.48432639625
680705.4067540624
862644.3062412665
4886.397174554357
20773.617208193256
185727.4333067508
19360.654236326005
681230.1410728877
57434.75851194365
351450.0454590914
343889.455603354
725055.7028353392
602371.0557367762
579916.9456262798
990074.0891886017
160022.2226728969
586781.8717033319
435201.3080113255
522821.8748746872
708711.411482108
533049.8815903015
395219.7223082146
70332.43876091196
132310.5108200481
167878.88482793546
929281.5049832022
563283.2895773135
964901.1201095792
872843.0760191171
794100.1669140483
494289.1860672352
638235.7610136949
60714.09014389628
642608.0377354708
254923.8239699914
610086.5927122968
937028.6721763544
943086.1143327192
816731.5376847985
990563.4399093272
72759.48671836701
654290.5233639238
676895.9338634108
614545.031252318
447954.38431787066
521338.38026554347
551683.2105361924
998474.7616457448
286986.251971819
991245.0474339393
91909.83071186247
866532.7426478864
812007.9319547653
36125.3229356488
139422.4889526914
143116.11374700785
225789.86073943356
336904.11378606985
175266.5707957727
758961.3797255099
712823.5936628983
714901.5873088198
539528.2446826083
386077.7489123541
681178.7570406398
788113.4457976304
946561.60731665
50870.08886757624
791616.9852130829
611729.3071164185
286671.80650522886
288260.62184998824
700263.2032975041
401870.19689536997
331204.5046550283
584965.2495190966
986789.8494957106
279297.20762352174
377804.2228905135
29805.795662282046
589024.6757019275
751673.8165696923
275191.38582604774
920166.6006555008
823313.8838845715
993158.5150501061
226230.72126641314
405934.8766592675
248596.15760345367
871738.4370463564
566978.9820734134
722005.6386055972
698499.629039528
36159.47841580448
630705.8663817284
272569.7698293155
72818.87167914418
263092.7762027611
878217.2363405226
621868.9098490397
447293.01511205756
901037.578741911
165921.95239338675
273178.78080491425
542794.1293479872
389832.25448189874
652429.7521810732
5437.301880008292
778551.3659536173
414145.13883067307
992383.7792854431
478994.9648156997
671303.2262018418
52771.41242298716
470121.76669258304
879956.6134689694
745706.075953894
22734.080580985097
308552.9860635177
33.5140048530285
870627.6862593202
354299.6686202557
935459.8212387698
776241.6663646578
586912.857423412
915954.7652434316
917470.7592726565
313378.1192173644
526521.782388866
70675.36670511776
926542.3242268645
853967.6539989659
132114.8817175624
219759.09031521706
905225.051115542
395983.16360656754
740585.3165337966
905406.4348021784
237191.48245424125
424855.2711735352
122932.59273964308
500039.91055472597
857520.2324365076
517095.00530148123
290606.8496109502
199587.11258476175
297743.6752388576
434625.9870713207
269869.0252808481
951135.7000483806
637709.0574431991
368616.57006279455
406062.59420026396
666822.4425209251
846630.3027069019
196296.67033823254
946214.1548256973
398947.3975199917
446117.58232724096
958358.0525327376
532581.4021155349
302223.25869877206
398069.6519511619
638086.3727783733
68995.33723708126
980948.5961766962
938551.9351976742
809363.3582499663
684535.0782772716
182556.25680378763
129634.49333892384
333705.7074670297
85584.00977274681
197908.4981017078
827473.7001730003
953498.9657506057
678367.2076659491
983478.6677769406
867742.4602044125
815793.2458804281
13033.90114284375
220561.6474139163
467843.6279635789
269016.3192022984
493663.81308785034
894194.1282178924
586655.3631837165
937725.0042187322
423180.69467162585
404545.1889785678
787029.1706696686
477009.3549647292
268995.09482581064
455163.7499441422
466178.2999117591
706025.8600234314
984384.0135947338
925417.1995959039
840816.8053285367
293228.3271073586
489100.0734872976
87654.7537350648
460474.59916354256
787261.7355216845
412044.08420964004
864575.8543395656
512602.1324803282
134855.87376951028
532610.195749602
110207.87938545721
94350.39846011526
957202.3630071004
846733.7247336605
773308.3155418446
557148.0436326368
468664.4841649957
157924.85553812917
567676.0764297071
826930.0597329442
785901.4242316299
190381.34725010768
354804.67864401615
999846.0080125201
838982.293555774
434912.170580371
508748.8723110182
223589.88595210057
72442.74525775157
9730.680197540065
503736.33469440823
597122.4679506766
317061.72357498953
257597.5829898994
929080.2734959943
580517.9966551277
372452.1065832833
8438.285682330654
932202.5711858479
476880.03693285625
418603.41874907195
217922.8894583992
592748.2424951144
53426.522642538126
506603.11345972156
160711.40772807182
648423.0927154785
534115.9198125488
923016.1057440812
358393.4008463299
304888.0949178301
578847.128353451
272765.21003457735
992488.2501914605
165367.64127959305
209302.23498314462
16411.549776330692
831775.0233097723
701806.8051098223
390595.4008516315
406695.65633908217
849258.2509723047
309487.57280612533
679551.7825659413
266478.8443237478
22361.91937947889
690984.3760007628
130345.10428939901
662409.4792262892
323495.28619921353
170344.30513059846
689526.9495527524
407059.19609777356
123121.4748755446
482477.46733178897
526427.4210738731
485740.21420734434
884533.9398454822
606919.6832226657
586244.3795447996
217883.6449460559
612819.679463017
710117.2072281517
973078.7761528144
885029.6251264879
974666.236381903
499776.1743601843
82827.71314583354
515169.1206818656
938291.0759045414
303308.2780611797
974475.7766946942
276348.6688497275
200597.41109729826
335756.2572918945
801016.6228439522
784508.0594324976
308758.08298228413
786089.4200842067
888741.4171294232
592932.0417641151
383194.49462924554
108109.11856037771
865169.6091456361
443379.13819377276
612991.7149807309
48127.175352076294
713427.0499178091
305542.51638197695
527619.4599336652
873858.124220732
463820.7480705089
117468.25732810689
422650.0046741963
395094.9364623313
457798.19963347714
695228.7956670721
685816.9866430064
114968.36093760238
496056.97656409815
709175.2134810322
582273.0583585254
449881.80238281423
39303.29227118877
217975.77662179497
982525.9812770289
884065.0314273911
818725.5634082315
962790.7061558026
796699.9291838092
949.1332900180221
119551.26910506794
648937.9835751014
687327.7117592874
185695.3014045031
660536.9887459871
723576.3334981182
599399.8584005878
738210.0736296917
241230.06853896673
134632.20480454632
35936.199584635135
623474.4585790534
495338.68914211035
5524.2943947445265
616608.5481757206
378312.14391013415
413275.02104811766
754270.007445489
673214.7795138564
597422.6463708644
99118.74796334477
501890.9692679563
846586.8639722419
662750.4943097316
942876.9311214678
617672.0252830578
9616.078700917718
569841.8614081923
749997.4031848276
189510.78345335138
379172.5885431616
741872.1635707488
838373.9472091588
965980.9526226077
349329.13803153567
217756.90544810664
607493.422432146
186764.19061504898
252640.874820622
433942.287761109
909913.6233475364
274018.931446625
1550.469467403362
989880.474346501
46270.37093036313
786154.6199873979
566703.0368347076
560666.6685005805
515161.1574552227
144629.4607836689
628845.0624084335
536135.2726366377
420492.26152331056
896295.5454056816
831814.1289179384
225156.90612231081
806964.2998864509
541843.9340529644
686396.1315733781
252520.76402705893
219727.98955716612
306407.21342450276
164841.5391729108
389710.78984435886
841090.1230176466
657813.9456036476
736205.6531797934
554471.6373259301
678119.7787381301
512105.90543194074
866978.838334257
587945.9899688871
960881.2120037712
808198.942368784
380416.7283727656
727672.931624931
297737.0208552842
924959.9941352895
355335.6377657578
962464.7194133125
757291.33909732
562828.9924194134
220979.41845710666
875415.9155783409
744438.8183630012
699203.3086461867
465325.57032852934
572629.2635613133
784182.3925096892
373655.87708003796
703651.874474629
37613.49243538923
405573.9756715985
491019.6310781927
333560.6238031802
956983.7232189544
94384.14793296623
606694.8529936994
71402.77061040582
886484.4902444598
515452.8782605124
904673.3987523293
561396.5496657565
464785.9211366888
943592.0435885142
222461.54885955577
465867.73550472007
444648.348685985
93799.75201839952
992445.399384866
462796.1881170637
694978.941053753
623996.9656227313
206335.90371565663
768037.7528375091
375651.0393939513
837118.9501298616
811849.2659841313
13877.043683451386
788999.2269654932
451253.80213142274
240708.61912715816
833640.5264239474
181338.6937748828
404496.1103239175
727140.9505766266
832912.8557364178
3008.753354526851
507370.80372367695
475715.9254270048
464725.3012919952
113083.64604906857
330145.6467015671
428005.0041117377
62107.08597999108
330009.35887962865
661592.1574357632
94823.31661781494
372237.3984962525
701932.4585495469
919918.0602438962
697939.7285093218
609539.8156043628
827794.7949395303
811104.1902258622
994369.2926635918
86200.73897730882
212717.26553698143
631555.9894525649
56452.80040986453
265811.08607857424
589327.6750731616
196205.9837879388
127830.99306140798
590.1314249358398
181285.18334289556
362502.8153543439
257974.64141271732
853970.0475754194
794403.1103538247
434739.30611668754
869782.4156462501
613454.7246245036
47450.61461841676
410355.25354082615
18166.65889444539
878480.2171949376
156182.24998185493
809053.7185718181
532631.0542741726
990802.2841432648
138394.269122898
55955.07363468319
770290.6866526087
243333.8432433878
861389.0797709398
123176.14751108471
897317.3246094863
648113.6686132357
792509.4447680272
939633.1157254755
565170.6553410945
659802.5325286511
488491.589924037
345576.8475996886
743153.7608779419
17471.62818869262
812869.0659027963
523910.9540613415
720879.5172219324
910940.8664889324
87178.63131830475
298468.8303088483
802298.6384941507
418670.07032268
154938.6354246346
870760.006506912
572494.371451051
811272.6788694286
643099.8592328047
797505.2388994275
515080.1698465877
200861.81845016664
115058.19977788506
24736.139634818413
141394.03503288262
232667.52604794878
673396.4432039895
359545.6336902062
827701.6852073855
784309.4333059306
645277.0877443665
344844.2207153696
923162.5613618384
104804.71921821515
74769.74743554069
808380.3953709102
141906.36769548993
498198.89541480975
663055.7598702828
402512.0227004414
713325.3016533838
936364.9914335011
204906.4172987465
754705.335505572
19831.207631063346
651679.833917126
322836.8913505147
217573.20671830315
331448.1610802071
801675.4948413098
588604.6980444945
650437.0775415218
337226.6594165313
335268.88518396363
473459.76041074283
87519.11344607551
283066.04507120757
521865.57123806496
823608.2184715566
107451.48016828766
663242.2536857501
526281.9815634955
797359.0082848191
699206.6001247745
219948.81462269626
183301.89026421294
622123.9142366372
581888.5633800249
472857.1710777305
809275.635973115
691601.0912501317
281817.20519681904
800985.8864643429
949098.170813709
51875.95866838094
890324.122788161
330692.5001144988
362563.7503581914
31776.478142708183
416504.1187728236
68138.37068925425
268550.5418951118
917985.4801597723
975503.0115798734
8373.052390657862
75154.29964423267
476406.3048106271
875012.0490607055
661971.0879176906
695273.263058336
271668.1282874775
165978.5551875262
611474.3213930792
132051.5265688255
232379.32726089164
545348.6264671389
136772.62206558735
778601.6837192274
805400.3174223064
215744.31742176999
813754.9907766787
901440.747005843
363152.6346035665
287384.37598751613
996683.6799823401
791185.2362644895
819763.516009819
795993.535815712
405453.38026552316
896004.945506359
987122.3787261806
795519.4422834022
223317.58086189293
857142.1219668866
351036.24802138103
940912.6972042592
38565.783082463444
725330.6442225975
38202.00297122626
177008.68798127407
983647.9072460925
862500.2032885228
297220.5000075827
184461.60881773182
885267.4304729615
129069.49605428605
662591.8052126241
517769.2331797795
162885.1215108071
13772.089530787487
184953.12720487293
898620.0950785468
765031.1817863991
633174.433487856
581915.1107414458
233033.23253225876
252947.94656239354
306700.50260674214
341677.16583498014
983276.9794122383
595151.6115362047
432788.408617683
349266.93336198095
389972.8251023472
947810.4028797105
678772.4391322637
340027.08041041176
191133.17419020523
84570.33676523114
929196.5216506352
348358.0492664273
266093.7412997963
854593.0747686937
912141.1482253594
736572.0969729689
744804.6563978357
627692.3636775988
663212.4775108567
437382.7287906254
165381.08333448254
699451.1442795104
463724.1764561048
585350.2446085553
585381.9754197866
508154.522942173
705315.0040971023
962614.0374141046
894444.0058621247
616588.1294775325
686042.4076844994
507089.440454351
708401.1087162723
93761.75210532552
63167.28812358641
623330.9713219197
739300.5891595555
818344.5073152285
161165.99376148873
835192.9058653453
476136.0978652632
212872.84389211147
441372.9037890133
805095.002006891
205942.04052769652
824050.909369806
252147.81613858527
319737.01476960356
134721.2452279603
498916.8515068789
602023.3876987658
721327.2243482645
471935.3663093525
381563.6286559795
639474.1776705188
259328.68247732485
403019.2638679985
212021.49028303765
272889.26014922676
313347.503759209
403375.92304816376
709896.7447796833
73874.9126475223
123693.45491972528
28669.357374366115
85078.44314831028
643022.2431867563
944921.218416343
670194.1367169013
164284.64357565294
413679.467918872
474417.224996553
615520.3753600275
658354.1529607753
46363.621889256676
618857.4557201936
488427.80090772547
299580.1863152847
893669.9964968985
965713.7571361626
298703.2431151526
863343.0489189932
659809.848018384
4130.494903345939
962292.8965130753
186685.02891534058
887950.2013967789
326869.15695900115
820024.2221608362
734742.4060715631
430021.87945410085
452971.8512182119
819302.2556504918
991854.8596218493
204206.1609589338
180137.2151873924
870781.2960644348
412889.4141819448
492951.9820596598
747282.5528172228
574518.5811483895
243857.40101385614
14294.682906737902
919817.1715570708
380946.06227493245
682233.3033798812
18351.59079613759
485613.81464086374
297610.65959816595
970107.705701927
725873.333359187
29988.68503017107
193489.34262263813
761509.0984359541
714398.992968284
397187.2689137126
167177.54460164148
586070.5373598357
588218.7510133245
115500.53745132242
383702.94311300886
203665.43840619022
909192.9344388157
959023.8285570483
760750.2705037536
854143.9510053998
791643.5534252754
720528.6188148141
993675.5401772662
810553.0634902114
769061.7105429805
277614.4898710077
928616.278614261
439043.2894470957
24932.67627078615
155241.70589324206
983194.2635499917
111863.94618155298
261910.40772776396
665975.1393422562
547123.9601105273
813386.5109648858
936572.3652428759
315192.1697344912
598407.7660503992
600928.9559689581
11344.921555814562
292825.1796006161
2052.7938260155183
633514.4351876396
215763.6159396134
626366.062466489
700162.7945149897
554031.2905332347
934525.4558972337
374724.6263961419
734613.1965252006
53642.61687039757
732278.1663858796
349186.0647062002
718464.565513805
244731.78331347622
563270.4103835583
821395.1703946553
325076.86485903256
841858.338420161
443965.98093103786
16466.585079442026
978651.9193872738
806491.0559998166
854556.2330991353
470016.8643639494
509312.93571710086
217863.2057778228
562621.1737041068
321325.6342937351
854890.1190293343
291210.7304088716
656713.3333907627
661170.39545899
485062.6548983
206118.47907357587
510096.60822614015
252326.67904329504
937658.5212192176
700905.5418219235
425662.54294826195
798439.6211673927
592857.9145135997
86797.5254949559
118571.22926769158
153381.47691266466
894740.4133194225
125633.7918862595
350851.51406425843
348068.7914163752
208455.07496554212
53580.90870168917
63705.53004021294
669012.0935333887
89060.7533389326
765052.4958560352
105520.07212849123
538193.3188129052
868411.4968724182
98961.27260986461
544679.705355913
610237.0083616751
576512.5440124604
269156.9008888707
577406.6567626658
406904.64092478127
768906.0708995983
132723.31349338466
47520.83597670555
402980.428392966
913665.0411300653
691723.6890466661
189676.43318931645
675078.0790823554
644672.0151251229
413030.2041616015
339597.1111741602
348503.47780387645
703737.118999802
855753.5194691423
722425.2877090293
703817.7336503688
565977.4289478667
894959.8639211886
715527.3253861
938891.9667123012
109553.19046981761
896641.8086220336
695610.6943917607
723956.9779417368
795753.2033523375
704282.7487265563
547413.0348373177
42199.65342472991
608967.3132529075
742112.1402848464
321544.8533803652
200663.86933638938
678800.3911214932
391646.276146489
553385.919455251
63767.43363972124
383721.3209973829
817560.3736097061
151585.5246279982
2535.6659261306822
25737.95370382401
286905.36008519935
228688.98270177143
87542.18027487607
697173.3337614178
148875.0626104596
846012.5420811567
461750.0434665567
253607.46235177544
945976.5977648945
575927.142897494
773551.8204720775
652853.4916520935
992028.0953850391
806609.4225963467
710861.5247646443
141340.3082745485
879064.788313677
148175.81321109625
495994.1032759779
182797.64527008875
399721.46299007855
346164.341832046
328877.58615391736
936897.5672238715
296808.269791675
404447.0808718007
838891.8768277267
346259.23106717673
959179.2853494616
491068.47807357326
715127.1422833669
359227.2370415125
37391.438907790965
902873.2047943445
929980.3244964719
299800.21096695244
428943.8472347482
72301.7978512327
273640.6910923802
254877.20428820074
714396.4886652107
463774.705834175
655142.8955966904
714558.3459601308
685605.0706767499
630761.8514264704
307746.9707643681
503946.8958672223
873234.7130099968
961994.5438427536
178510.949137486
922991.8979064988
674282.537847837
610055.664782039
887962.900563114
595473.8656816641
908999.6199787244
125738.0776814236
435896.87901965284
261534.40941294134
624272.1377442345
364842.9825801362
635970.0111054201
585318.7730578523
583163.3629381453
972391.1086156198
828694.0511982411
622145.3332492003
829174.1072411594
428022.82722511067
170839.80956166255
251706.00226150066
763909.6520054864
488879.6617628756
530476.7831424922
397464.3193741865
92815.00838917846
216865.6639581088
725892.8482522764
886212.4738205762
762386.0143699287
633393.2813805767
244477.8434056628
377772.2805822811
733213.2303517443
112735.37949074955
321138.4307523649
64300.558905372374
123296.41124700775
907869.7941462218
603371.5922042566
435985.4858721538
88534.33656070473
870380.5166032887
937865.1383497743
718356.926313436
868293.5008754851
699654.2285557276
345430.1748353209
261300.89849538635
932922.0829470289
651532.5423249998
289504.580442218
492290.07545137545
269290.2806182087
304616.91794775415
413240.9640049296
968126.5315308664
174740.38004170454
367308.7038157345
30835.70752624959
360143.77986776637
789550.9755742773
845281.9930478567
661900.0289914738
576054.8069194396
125081.94373617349
149236.69268615087
268643.3050654898
6816.889753715727
557216.9712977452
208921.36789763373
626086.5728117047
106928.22998543293
487710.01822438854
51770.20584967598
75996.2256733569
981223.611899936
172147.80635994198
319009.2915959978
97895.80085450443
44133.44827578423
110511.80908271123
243981.51950736856
603977.0833234006
484428.40875998395
63742.36784671034
757073.6457895398
28815.41563929482
6302.909843486385
235384.78759424726
552287.264715217
539827.8498066459
839877.761912746
673958.750424077
51924.327396180866
216748.79332977324
484789.74519373063
356194.75326829584
469463.32332500495
675040.047448048
314004.69821105537
529551.136521077
711935.7673941695
421587.0821680683
704081.3140462505
490004.82946237444
312418.7224070814
722742.2112469466
624792.1790900532
407040.64795955154
456562.0384471121
666324.2008365836
769154.9002631522
240234.64272429358
427558.78359263553
753743.2369288015
175180.45260184162
205507.682510603
919642.5149249921
772657.565949137
144505.19706111922
619885.997662549
847070.8238770311
426243.282067297
757526.7651413749
950447.3583803152
58911.22337690169
637897.6256305596
955125.9781106204
629812.7452195113
687878.1538817594
632491.1960541996
759381.7474802437
148434.04241980062
296857.8074281443
67688.4053390849
789917.2766443032
807469.2404039488
510558.7615335561
260380.77314388903
319200.5883742031
540560.3001224139
628444.7979045401
196612.37258462273
182506.49794578558
53809.630977811314
308836.72692341945
708969.931295304
779507.8124541892
631025.8446281041
238156.83530222293
513871.3437166524
395431.6482903237
4976.351933224822
694918.1895109185
667518.1810646674
651349.1978820328
33236.43716415916
777029.047844728
405580.99557662953
858980.9589032824
288370.0211397319
172786.42596645193
923886.9895048694
969646.5304378115
687085.7223497302
834341.9644272948
878346.8452842586
635912.3020401789
761921.8705184815
757042.3713589167
188756.4236153666
111999.96541577765
712118.5659092533
974464.2260686918
933837.3269021129
455320.2474746705
149610.43335655844
452010.8623192769
373416.5129070288
462578.79118611786
80271.85858023251
311080.77262169943
863217.5977232379
692049.8744737476
159800.33303149126
816932.9675685792
9211.38047782743
644536.5911625145
123439.22458066535
338523.13460069586
134187.21777070616
717311.7597165355
855457.4384240436
982247.074954329
183449.82289756695
374709.232546286
557198.8021327262
209788.5953662037
353630.1452133306
790265.2300914358
623727.5665094878
526517.8810233542
655537.4227488263
544432.5753536072
696039.9365048901
854190.518018653
85911.62596701777
200629.30943487294
309941.77468528395
73228.08162007546
306509.5515653759
747474.3567932543
108932.00839659068
265152.3418812637
706354.8159823127
246543.74320994286
451613.8684489675
523952.4936421639
552272.6149166495
595460.9664773914
485342.4810551812
577823.6269589582
439669.2660058103
900342.7030360461
370872.7857157474
948245.7753785867
65557.31018063505
312665.70466615626
406563.06191784027
451625.7235520293
378135.00466471503
560042.3576530314
30602.34323381846
691607.2079139015
329875.62811913306
394554.8427867585
317631.01195478183
318699.4984849991
265749.06781261234
703745.3695288078
372023.5127819016
297619.34295653255
182703.73326039754
834749.3592053503
5793.277229946617
420127.1890428637
322243.54940234515
827797.6770811328
282214.9285378867
678938.9611345939
497921.8542462671
275708.55619477964
227236.1296703012
239145.68158331627
385998.87079562317
508253.7730360595
540612.9023397338
194901.8406933221
993331.5028187054
634462.2106122716
755171.8892305989
566174.1171678907
228222.1971531704
865151.4790568528
181369.9025681991
910300.9164552991
268568.3873862676
819022.9445059021
200773.5561933763
44936.220277798835
520962.8240702584
550711.4041737593
434951.6943791319
593504.4139799805
725820.9100327343
940216.8472624302
120906.30024022258
414731.47213268327
873817.3868387567
115199.58447924354
62442.627358646554
961503.6629894419
64587.27022920537
42564.820360429556
402348.83818782074
743297.826185129
73766.26157852152
479718.6028416382
574739.7764644522
532236.1241240992
93726.95366742752
418123.1652122124
422560.6787214959
60950.431139661334
850203.7599461621
871333.5570146268
213609.2753519284
911306.0136814888
164342.01982423416
759048.1784592404
122571.97753697429
355380.78791729605
389033.5624483585
246594.92315935536
188892.40031427148
727220.9630490676
310954.14500731725
731629.4215606467
822528.5667698489
502251.45731962105
795786.5560939441
493398.93702316773
745127.9370229497
517289.19249872
500053.5860396234
310103.5770913827
634073.255576141
228356.3029437324
962802.8841353214
182193.91242829218
626562.2473332155
356688.10275640467
386599.0436707712
572506.5325902044
624012.8479135683
842707.6886358641
661647.81348423
276292.2249818305
22754.33039922999
883282.7199730213
257582.27262831212
729976.1875465355
333761.60340685927
934923.8802685557
401789.1135224019
405613.4522514825
172449.47527202195
746134.410468972
608083.5114714425
927188.3953421566
402595.86516643263
150177.04377620525
106710.84713349267
905714.146415174
463443.85104819434
242810.15461558697
501662.1218712512
787974.3632183577
512970.35218124173
332724.7552536244
720326.76298046
477148.408728386
413031.7002452674
813526.7413555912
611941.9570752218
967634.478077833
347586.18459785124
291473.8213333576
731159.9252551591
837121.7876611023
46008.40938263825
460346.14800237917
919123.1382897164
176518.45398387845
160297.47282619312
341367.00214456214
17743.779641153084
660974.3708250731
636839.7153897636
706749.1711817464
901832.9312363863
125689.57464795467
265290.3103925069
794003.3129958528
872612.8952573459
311566.4002335272
628448.4264149424
754520.3612722623
378624.6581556889
559661.845424011
586158.5964326862
950194.3161148338
274243.8114786256
24236.18483278216
429847.1124090533
675111.8603257121
122405.30280545431
901281.0106018055
143318.79030934002
221937.38056999975
25462.548608447
119020.18594795917
894987.6820894015
659250.1695485361
54714.15057682504
640709.7481245026
183605.42891102502
348597.3966661217
246733.56772570265
47795.847595642685
226208.4886708747
747628.5822819103
662327.4973239147
674558.6420230462
181004.0106935275
872806.5438802441
50747.877101810074
581032.2629260204
630564.5401829948
193668.61588838894
904011.3377893424
158050.21578453414
131778.07001768285
489059.25056482863
124327.90181739355
718762.8940438966
557331.7999470219
232348.5166244815
793939.1789676857
18998.04556526354
128521.88835436052
56244.85049826945
910404.3449643578
233201.1766488924
490877.0847745233
509380.97381369816
783322.9736045508
118931.26794351096
272758.9303972838
460284.0305139252
540593.1584610014
184873.04805763537
237161.94302103145
863062.5569254976
550690.5622567339
803162.4357126671
148798.04637779327
56456.62128447254
541557.3825299231
713476.383239947
274901.45987399196
250224.15183995667
496919.83570361085
363353.676824335
676707.9963963742
96457.94724675317
397249.87265021517
925106.8385182336
551047.8048899303
423673.681346935
460457.31466490304
333253.73149807885
748422.5941308864
721741.1290938928
367716.3539897862
219650.63660933255
957458.1261762744
274810.1448422179
893740.5883615428
666194.8539351011
18478.459542162196
464797.82860263065
664412.4994319392
455358.7275167818
671418.8560680934
884277.9195540902
818418.5802589965
622653.222131546
531337.1200789948
820494.7258592634
546664.0984406339
726610.9675144475
783966.6788137775
972757.3993323394
469907.58707653923
964862.9281790714
776589.6847459518
684904.4559333138
851813.5405421659
313485.7303891789
695889.956884438
406264.8879455977
29596.076777325754
701428.5263270296
488792.13315531914
610987.2426471296
810625.6692816841
398888.8493954411
514089.71692713635
736166.8542589482
183353.48545226923
547662.8781671529
899286.0556485127
133822.73739843408
379029.38959646027
140854.92915414125
856439.6614433791
182551.22744080407
814853.826491636
471324.91191344784
683385.7660142673
208768.34483216034
667851.3009431006
20284.016211065587
92820.71325125136
954110.2495589672
659457.6768956587
56919.099982216816
574362.1199432556
272758.9686062955
185046.02854195656
882314.9359277484
117840.86160058471
27878.55759116107
697960.2426863913
912028.7683238812
784314.678825705
689668.2658300473
341121.7239488459
609490.9553020748
476859.70819454564
423523.57405056857
225685.5947635125
427241.5232593701
802766.515866738
678080.5841795285
918597.8758985606
839614.6820799388
162953.8386231558
689493.6264906502
714217.3913721013
920370.1227045682
2777.169178228103
998752.3241003095
823920.4181841972
944844.0434399557
21148.796420352617
293651.06560209946
900559.0518000533
991501.0773095352
171338.88132722088
433936.69674360787
831147.8976980931
192746.03437998178
312788.4196379081
41833.45956837234
168108.75910012572
605207.5522525278
977336.7702046144
869001.6595524462
485165.80723478686
246200.57813584068
440509.103123476
18093.991304169303
15522.848369958783
845584.4256360618
204004.4330188784
387978.7857892654
508456.54501712543
125052.42727873348
751560.5976347435
948469.9398381901
229922.95273624736
61867.14700064298
218573.4504419656
354201.7064866295
455046.176102354
182136.21344973551
409430.450901802
396578.4869787421
955043.772013709
174611.92025802174
395047.180378453
231877.9862325461
442699.337707595
777472.6938389518
708142.9833392029
270656.0182807442
635578.9831202726
253325.48526437377
815440.9588578301
854232.9657123828
940138.0297804258
173966.36381235425
899635.9870348723
349534.3388788235
364930.14303423004
429645.3742622286
765707.6317576565
677110.6755972169
922979.6913636865
891694.9889055828
154896.12645175116
369621.5188340877
760708.6793396146
57470.51130187207
226130.923000378
445628.4980380803
712121.4934331856
933718.175554626
376958.0017926262
193509.57438185727
298047.1126502812
824820.7177135994
245219.25399632237
158906.878587376
207499.83097784067
849741.6235578184
811198.1061159506
737529.380581764
114386.22248132229
286099.97063968086
653720.9848548636
974678.5319249174
701799.5631237646
270515.42592211225
528303.5824977366
279394.77927583805
571819.6974998985
981020.5014906621
231291.97486176377
278913.0925379945
582414.209052077
159140.47152024123
822845.6666556767
202240.8508272232
775445.5130377103
1016.2710728487108
909447.9062200801
450893.6883509443
64836.44393569118
621909.4903451796
708991.4802717827
407267.22234353214
34675.17986554669
65521.69737990103
729466.9090151124
648938.383661501
118004.34916889716
845740.360120491
448674.43274209014
473689.08224725456
47855.96802939974
377747.14180478733
411223.79553757963
729794.6495631572
749912.6169236776
742070.0605533529
643559.4057133667
87654.43804156383
837372.3064861937
293031.97029621404
436237.0580673482
664414.0901087509
489855.6117946212
173284.82504937862
560780.7888009032
556268.8126974505
554150.0812638609
642793.1193668264
82786.60739420171
27093.255255591506
365826.4306936261
989867.6528215485
577188.0819357366
747048.3905789076
578526.1309004512
233027.87781872015
577029.2543899214
740496.8486741459
514133.54569127946
931191.0183693097
781470.1322471215
49438.968629464885
88685.2064430631
881900.7454046259
871371.6806290388
843874.9871058315
713984.5059861853
642967.0999423048
471332.7960386595
244328.24753198327
454694.91548603016
166187.0151245141
76037.18350301415
896437.6078758225
469239.89903429337
932863.8615015016
698793.0417398565
